Accuracy: 0.8824786324786325
              precision    recall  f1-score   support

           1       0.97      0.94      0.96        34
           2       1.00      0.97      0.98        65
           3       1.00      1.00      1.00        82
           4       0.75      1.00      0.86         3
           5       1.00      0.75      0.86         4
           7       1.00      1.00      1.00        11
           8       1.00      0.92      0.96        25
           9       1.00      1.00      1.00        29
          10       1.00      1.00      1.00        13
          11       1.00      1.00      1.00         6
          15       0.71      1.00      0.83         5
          18       0.83      0.71      0.77         7
          19       1.00      1.00      1.00        13
          21       1.00      1.00      1.00        12
          22       1.00      1.00      1.00         7
          23       1.00      0.50      0.67         4
          24       0.92      1.00      0.96        12
          25       1.00      1.00      1.00        11
          28       1.00      1.00      1.00         9
          30       1.00      0.89      0.94         9
          35       1.00      0.90      0.95        10
          37       1.00      0.67      0.80         6
          39       1.00      0.80      0.89        15
          41       1.00      0.75      0.86         4
          42       0.89      1.00      0.94         8
          43       1.00      1.00      1.00         7
          50       1.00      0.71      0.83         7
          51       1.00      0.50      0.67         4
          53       1.00      1.00      1.00         9
          54       1.00      1.00      1.00        15
          55       1.00      0.89      0.94         9
          56       1.00      1.00      1.00         6
          57       1.00      1.00      1.00         7
          58       1.00      1.00      1.00        10
          59       1.00      1.00      1.00         5
          61       1.00      1.00      1.00         5
          62       1.00      0.92      0.96        12
          63       1.00      1.00      1.00         6
          64       1.00      1.00      1.00         7
          65       1.00      1.00      1.00         9
          67       1.00      0.75      0.86         4
          68       1.00      1.00      1.00        10
          70       0.86      1.00      0.92         6
          72       1.00      1.00      1.00        12
          74       1.00      0.88      0.93         8
          76       1.00      1.00      1.00         8
          77       1.00      1.00      1.00        12
          78       0.83      0.83      0.83        12
          79       1.00      1.00      1.00         9
          80       1.00      0.75      0.86         8
          86       1.00      0.85      0.92        13
          87       1.00      0.88      0.93         8
          88       1.00      0.86      0.92         7
          89       0.86      0.75      0.80         8
          90       0.70      0.54      0.61        13
          92       1.00      0.82      0.90        11
          94       0.09      1.00      0.16         8
          95       1.00      0.73      0.84        11
          98       0.77      0.91      0.83        11
          99       1.00      0.89      0.94         9
         100       1.00      0.20      0.33        10
         102       1.00      0.44      0.62         9
         103       1.00      1.00      1.00         9
         105       0.00      0.00      0.00        12
         107       1.00      1.00      1.00         6
         108       0.75      0.43      0.55         7
         109       1.00      1.00      1.00        11
         110       1.00      1.00      1.00         4
         111       1.00      1.00      1.00         8
         114       1.00      1.00      1.00         8
         115       0.60      0.67      0.63         9
         116       1.00      1.00      1.00         8
         117       1.00      1.00      1.00        11
         118       1.00      0.43      0.60         7
         119       1.00      0.75      0.86         8
         123       1.00      0.93      0.96        14
         124       1.00      0.07      0.12        15
         125       0.67      0.33      0.44         6
         126       1.00      1.00      1.00         7
         127       1.00      1.00      1.00        11
         128       1.00      1.00      1.00        11
         131       1.00      0.80      0.89        10
         136       0.79      0.92      0.85        12
         137       1.00      1.00      1.00        13

    accuracy                           0.88       936
   macro avg       0.94      0.86      0.88       936
weighted avg       0.95      0.88      0.90       936