accuracy: 0.9043905257076834
              precision    recall  f1-score   support

           1       0.99      0.98      0.99       349
           2       1.00      0.99      1.00       568
           3       1.00      1.00      1.00       715
           4       1.00      0.92      0.96        77
           5       1.00      0.79      0.88        14
           7       1.00      1.00      1.00        77
           8       0.99      0.94      0.96       266
           9       1.00      1.00      1.00       240
          10       1.00      1.00      1.00       100
          11       1.00      0.81      0.89        72
          14       1.00      0.68      0.81       100
          15       0.98      0.96      0.97        97
          18       0.98      0.89      0.93        56
          19       1.00      1.00      1.00       100
          21       1.00      0.88      0.94       100
          22       1.00      0.95      0.98        63
          23       1.00      0.96      0.98        56
          24       1.00      1.00      1.00       100
          25       1.00      1.00      1.00       100
          26       1.00      0.40      0.57        80
          28       1.00      0.95      0.97       100
          29       1.00      0.57      0.72        74
          30       1.00      0.99      0.99       100
          34       0.98      0.67      0.80        88
          35       0.98      0.90      0.94        50
          37       1.00      0.84      0.91        43
          38       1.00      0.75      0.86        99
          39       1.00      0.77      0.87       100
          41       1.00      0.70      0.83        71
          42       0.98      0.89      0.93       100
          43       1.00      0.98      0.99       100
          48       1.00      0.46      0.63        98
          49       1.00      0.69      0.81        99
          50       1.00      0.63      0.77        54
          51       0.97      0.71      0.82        49
          53       0.98      0.94      0.96        95
          54       1.00      0.96      0.98       100
          55       1.00      0.87      0.93       100
          56       1.00      0.87      0.93       100
          57       1.00      1.00      1.00        95
          58       1.00      1.00      1.00       100
          59       1.00      0.96      0.98       100
          61       1.00      0.95      0.97        98
          62       1.00      0.90      0.95       100
          63       1.00      0.97      0.98       100
          64       1.00      0.93      0.96        96
          65       1.00      1.00      1.00        62
          66       1.00      0.55      0.71        98
          67       1.00      0.96      0.98       100
          68       1.00      0.99      0.99       100
          70       0.99      0.92      0.95       100
          71       1.00      0.40      0.57        98
          72       0.99      0.99      0.99        89
          73       0.13      1.00      0.24       100
          74       1.00      1.00      1.00        56
          76       1.00      0.95      0.97       100
          77       1.00      0.98      0.99       100
          78       0.99      0.98      0.98        96
          79       1.00      0.94      0.97       100
          80       1.00      0.73      0.85        86

    accuracy                           0.90      6924
   macro avg       0.98      0.87      0.91      6924
weighted avg       0.98      0.90      0.93      6924
